Classification Report:
              precision    recall  f1-score   support

           A       0.99      0.99      0.99      1200
           B       0.99      1.00      1.00      1200
           C       1.00      1.00      1.00      1200
           D       0.99      1.00      1.00      1200
           E       1.00      0.99      0.99      1200
           F       1.00      1.00      1.00      1200
           G       1.00      1.00      1.00      1200
           H       0.99      1.00      1.00      1200
           I       1.00      1.00      1.00      1200
           J       1.00      0.99      1.00      1200
           K       1.00      1.00      1.00      1200
           L       0.97      0.99      0.98      1200
           M       0.99      0.98      0.98      1200
           N       1.00      0.99      1.00      1200
           O       1.00      1.00      1.00      1200
           P       1.00      1.00      1.00      1200
           Q       0.98      0.96      0.97      1200
           R       0.99      0.99      0.99      1200
           S       1.00      0.99      1.00      1200
           T       0.96      0.99      0.98      1200
           U       0.98      0.98      0.98      1200
           V       0.99      0.99      0.99      1200
           W       0.99      0.98      0.99      1200
           X       1.00      0.99      0.99      1200
           Y       0.99      1.00      0.99      1200
           Z       1.00      0.99      0.99      1200
     nothing       1.00      1.00      1.00      1200
       space       1.00      1.00      1.00      1200

    accuracy                           0.99     33600
   macro avg       0.99      0.99      0.99     33600
weighted avg       0.99      0.99      0.99     33600
